01100110 10111000 00000011 00000000
10110100 00000100
10110000 00000101
01100110 10111011 00000110 00000000
10110111 00000111
10110011 00001001
01100110 10111001 00001010 00000000
10110101 00001011
10110001 00001100
01100110 10111010 00001101 00000000
10110110 00001110
10110010 00001111
01100110 00000101 00000001 00000000
10000000 11000100 00000010
00000100 00000011
01100110 10000011 11000011 00000001
10000000 11000111 00000010
10000000 11000011 00000011
01100110 10000011 11000001 00000001
10000000 11000101 00000010
10000000 11000001 00000011
01100110 10000011 11000010 00000001
10000000 11000110 00000010
10000000 11000010 00000011
01100110 00000001 11010000
00000000 11011001
00000000 11001111